0.00000
0.48159
0.55284
0.55761
0.66355
0.59787
0.69320
0.81541
0.84884
0.90035
0.87979
0.88275
0.92413
0.96074
0.97907
0.92846
0.90357
0.96828
0.97055
0.92861
1.00283
0.88392
0.92602
0.95346
0.91227
0.91788
0.96989
0.95387
0.91490
0.87661
0.96349
0.93572
0.92195
0.94628
0.90711
0.98573
0.90244
0.90231
0.94401
0.96774
0.94227
0.90328
0.85069
0.86747
0.91854
0.92900
0.90613
0.88256
0.89616
0.88469
0.93555
0.95119
0.98684
0.97543
1.01469
1.02262
1.07306
1.04674
1.00800
1.10444
1.08741
1.07875
1.07827
1.13867
1.08573
1.08034
1.07537
1.08212
1.01127
1.00204
0.99238
1.05114
0.98956
0.99490
1.02468
1.00856
0.95153
1.02850
0.99333
0.98048
1.03575
1.06561
1.04312
1.07028
0.96583
1.00347
1.03936
0.97706
0.96138
0.98204
0.96237
0.99224
1.03914
0.99362
0.94083
0.89906
0.94938
0.93874
0.91897
1.01826
1.01615
1.01473
0.98297
0.92399
0.99401
1.04616
1.01020
0.98417
0.93949
0.94397
0.94680
0.98742
1.00487
0.97543
0.96613
0.91348
0.97088
1.01871
1.04555
1.06607
1.00412
1.02442
1.00913
1.06680
1.05840
1.07209
1.05157
1.01542
1.06501
1.13294
1.13863
1.09224
1.12219
1.11998
1.08292
1.07590
1.06814
1.07029
1.10981
1.12340
1.06368
1.00057
1.06455
1.09094
1.05502
1.10191
1.12302
1.10979
1.06465
1.09121
1.04088
1.04192
1.01751
1.07690
1.02866
0.96790
0.97310
1.05133
1.06652
1.06867
1.11908
1.10357
1.11894
1.07276
1.16304
1.09839
1.09006
1.12189
1.13044
1.10330
1.17876
1.12457
1.12862
1.15367
1.10038
1.11266
1.14876
1.16977
1.15223
1.16354
1.08521
1.16936
1.12706
1.12800
1.09697
1.15375
1.12946
1.08174
1.10747
1.10402
1.09536
1.10924
1.07093
1.05209
1.10150
1.02490
1.07873
1.02781
1.07834
1.06373
1.11087
1.14405
1.19865
1.21202
1.25734
1.18734
1.18628
1.16119
1.15626
1.11331
1.23607
1.25034
1.25884
1.20765
1.26152
1.23667
1.14362
1.13635
1.15033
1.12294
1.14249
1.18776
1.20664
1.20255
1.23805
1.14549
1.14517
1.15481
1.10740
1.14603
1.10056
1.08257
1.05754
1.07984
1.10902
1.09641
1.08119
1.08874
1.08004
1.06803
1.06727
1.13406
1.01777
1.11498
1.09501
1.13151
1.09291
1.06770
1.06023
0.99985
1.09863
1.04991
1.07813
1.02700
1.03557
1.06512
1.02181
0.99180
1.04473
0.99406
1.04365
0.96683
0.91926
0.91193
1.00455
0.99529
0.97977
0.97889
0.98070
1.06305
1.02360
1.00274
1.07417
1.05709
1.02358
1.02039
1.05830
1.07922
1.14054
1.13698
1.05253
1.09833
1.14700
1.10177
1.10512
1.08466
1.02281
1.00556
0.99182
1.04368
1.05433
1.07211
0.98209
0.95868
1.01626
1.08340
1.09640
1.10744
1.23541
1.13536
1.19041
1.23470
1.19562
1.22294
1.10173
1.18524
1.11532
1.09214
1.14311
1.19051
1.16066
1.18764
1.17298
1.17276
1.16102
1.09878
1.12069
1.15316
1.17399
1.17416
1.16236
1.28125
1.27183
1.21672
1.17933
1.25375
1.18783
1.14857
1.18448
1.14731
1.24011
1.24111
1.16005
1.12020
1.13396
1.13293
1.17930
1.16648
1.12622
1.17299
1.15704
1.14648
1.17993
1.19251
1.14146
1.09155
1.05330
1.07015
1.04243
1.10031
1.06925
1.12863
1.18183
1.16068
1.15515
1.06656
1.04879
1.07987
1.10017
1.12826
1.07838
1.04110
1.05782
1.02191
1.06687
1.08233
1.08727
1.09540
1.00293
0.97744
0.92690
0.94618
1.03722
1.04093
1.01953
1.08756
1.05350
1.03733
1.00574
1.08816
1.05088
1.09547
1.05649
1.10443
1.06348
1.06515
1.07648
1.05293
1.05515
1.06200
1.13569
1.06195
1.12879
1.06174
1.06097
1.08965
1.09261
1.05250
1.03625
1.04637
1.00478
1.00883
0.93224
0.98398
1.01967
1.08978
1.04287
1.09311
1.06775
1.09497
1.16593
1.08932
1.08114
1.02251
1.05865
1.05823
1.12674
1.03555
0.98956
1.08999
1.11010
1.09529
0.99474
1.05462
1.07938
1.11442
1.16744
1.10039
1.16006
1.10017
1.09672
1.11200
1.07336
1.13677
1.14727
1.15974
1.22270
1.21329
1.22203
1.28163
1.34084
1.33898
1.29573
1.27983
1.34509
1.34653
1.31774
1.30327
1.30767
1.21071
1.24045
1.16565
1.22338
1.22205
1.18125
1.23959
1.18931
1.14534
1.06067
1.07486
1.03351
1.04264
1.14351
1.15819
1.21444
1.25838
1.27863
1.16055
1.19563
1.17169
1.17720
1.15172
1.20210
1.19693
1.19106
1.13153
1.20026
1.13508
1.26766
1.20540
1.15757
1.17979
1.23964
1.26116
1.23264
1.22160
1.20266
1.18894
1.18924
1.20730
1.11266
1.11892
1.13194
1.16068
1.13441
1.14680
1.10147
1.10736
1.10900
1.12219
1.17324
1.19065
1.19787
1.17153
1.13787
1.16317
1.16693
1.17000
1.09970
1.11371
1.05406
1.12944
1.14534
1.11275
1.12924
1.19946
1.20572
1.20043
1.16620
1.16454
1.16574
1.17856
1.17202
1.16363
1.09403
1.05160
1.05279
1.09529
1.10833
1.16494
1.18729
1.19241
1.13750
1.16404
1.19352
1.21329
1.24009
1.20166
1.22852
1.17990
1.15009
1.15524
1.15878
1.15539
1.16605
1.16832
1.13191
1.16346
1.12413
1.12528
1.17706
1.12517
1.03098
1.09834
1.06117
1.10765
1.10153
1.16196
1.18091
1.13593
1.22913
1.21713
1.22076
1.20361
1.17901
1.29301
1.22847
1.25174
1.22314
1.20517
1.23888
1.18336
1.19409
1.14431
1.24628
1.16411
1.16676
1.13745
1.11475
1.16666
1.17789
1.15970
1.12171
1.13840
1.16390
1.18162
1.17910
1.20092
1.20223
1.25537
1.27186
1.25880
1.27070
1.18482
1.26629
1.25389
1.30358
1.33401
1.33812
1.33560
1.39845
1.36478
1.46979
1.38762
1.42952
1.38659
1.37266
1.26999
1.25400
1.24216
1.27027
1.33678
1.28903
1.20815
1.25954
1.30550
1.30498
1.26717
1.26728
1.17076
1.16480
1.12795
1.20932
1.20375
1.16809
1.27424
1.24533
1.22021
1.28913
1.23796
1.27690
1.36229
1.34067
1.34847
1.25369
1.24740
1.16369
1.14520
1.21999
1.25825
1.21561
1.23528
1.22087
1.21984
1.21949
1.25087
1.19392
1.18419
1.22279
1.25616
1.26655
1.26825
1.16061
1.20013
1.18689
1.21517
1.19394
1.13441
1.21094
1.18827
1.16102
1.22479
1.21731
1.21388
1.20011
1.14093
1.25663
1.18850
1.09634
1.12097
1.14462
1.16258
1.21466
1.17715
1.18558
1.13814
1.13806
1.08818
1.13203
1.14605
1.24815
1.20382
1.16480
1.23477
1.21096
1.15140
1.22605
1.19404
1.18180
1.22159
1.20149
1.16641
1.20856
1.14324
1.15611
1.12273
1.16224
1.10879
1.16009
1.19296
1.17337
1.19318
1.17391
1.24215
1.27651
1.17270
1.22538
1.22873
1.17452
1.15566
1.10314
1.13658
1.16707
1.12483
1.15806
1.13554
1.17754
1.16512
1.17271
1.18448
1.14466
1.18162
1.19391
1.24002
1.20745
1.24538
1.24279
1.26475
1.27574
1.30531
1.32020
1.22923
1.25049
1.19146
1.24353
1.17269
1.21834
1.14334
1.16081
1.23116
1.19527
1.19853
1.22476
1.24380
1.26195
1.31009
1.30432
1.28447
1.29531
1.26927
1.30445
1.25484
1.20062
1.11548
1.13113
1.12671
1.12193
1.22705
1.19157
1.22826
1.17383
1.12170
1.18168
1.16419
1.23316
1.23582
1.26358
1.18287
1.24021
1.28972
1.33626
1.30464
1.28945
1.33700
1.28513
1.32686
1.30579
1.36141
1.34312
1.30300
1.37035
1.29689
1.28461
1.24465
1.23439
1.24651
1.29377
1.24504
1.20311
1.22275
1.22790
1.19742
1.19346
1.17549
1.21931
1.23572
1.20738
1.17011
1.16714
1.13513
1.19154
1.14566
1.11547
1.16085
1.15132
1.17109
1.14571
1.14864
1.05794
1.08272
1.12260
1.08984
1.10166
1.12005
1.08990
1.09005
1.04750
1.02750
1.02821
1.06736
1.08367
1.11269
1.11943
1.13929
1.21945
1.17366
1.15108
1.16363
1.12691
1.17971
1.21467
1.14973
1.12565
1.10355
1.13526
1.07318
1.12617
1.13406
1.10678
1.14099
1.13723
1.19020
1.15460
1.18891
1.15890
1.15171
1.11511
1.09916
1.12550
1.11054
1.20017
1.12097
1.07339
1.10988
1.11542
1.09730
1.05216
1.09018
1.11529
1.08798
1.13492
1.13583
1.08618
1.08289
1.09076
1.07264
1.11010
1.09746
1.12381
1.17098
1.12781
1.08483
1.09322
1.11396
1.17485
1.20785
1.22539
1.21804
1.17196
1.15314
1.18531
1.18996
1.16009
1.13638
1.16652
1.15800
1.15979
1.14822
1.17407
1.15290
1.12906
1.18860
1.16709
1.13305
1.17840
1.13660
1.18659
1.17884
1.20239
1.23382
1.17167
1.19262
1.16050
1.20763
1.17566
1.22024
1.16633
1.13862
1.18091
1.15423
1.13985
1.16976
1.16569
1.21164
1.27456
1.22719
1.20329
1.21911
1.22971
1.22928
1.29246
1.24155
1.21124
1.26817
1.28158
1.14587
1.22933
1.22224
1.16284
1.15846
1.30013
1.23836
1.20992
1.26964
1.23549
1.25865
1.25315
1.26783
1.22123
1.20398
1.23980
1.14440
1.14479
1.18693
1.15623
1.16657
1.13099
1.18664
1.21056
1.18749
1.15104
1.17986
1.14525
1.12234
1.14747
1.16066
1.17291
1.16236
1.16008
1.17428
1.17777
1.22038
1.21624
1.26182
1.23031
1.23665
1.26002
1.22774
1.17933
1.17596
1.24234
1.22428
1.22121
1.14709
1.22070
1.22512
1.14578
1.24867
1.27818
1.26986
1.25899
1.22004
1.21883
1.22690
1.26068
1.24179
1.17994
1.21056
1.24921
1.22525
1.19874
1.14008
1.23457
1.22469
1.25130
1.27121
1.22940
1.20376
1.24079
1.15126
