0.00000
0.25524
0.40616
0.39520
0.39225
0.40926
0.41003
0.37659
0.41982
0.41478
0.35160
0.30023
0.28987
0.40501
0.35920
0.35084
0.38531
0.54370
0.54209
0.40410
0.36718
0.33032
0.41297
0.46890
0.54665
0.58357
0.61203
0.64194
0.56256
0.49868
0.49626
0.41970
0.29999
0.28233
0.27387
0.31062
0.41574
0.46970
0.45489
0.47052
0.34552
0.29074
0.37672
0.40447
0.32058
0.34427
0.31052
0.29723
0.32847
0.34525
0.37713
0.33902
0.38792
0.39613
0.31684
0.28260
0.41607
0.48556
0.48538
0.50142
0.60990
0.68928
0.67057
0.60814
0.59877
0.45600
0.37900
0.40570
0.43327
0.26970
0.30931
0.33172
0.39653
0.31374
0.36227
0.29570
0.30857
0.32226
0.31762
0.36062
0.39321
0.43353
0.52808
0.61546
0.73319
0.75213
0.70985
0.61657
0.68864
0.73147
0.55454
0.57249
0.76362
0.75658
0.62091
0.67760
0.73767
0.65012
0.55788
0.68946
0.76729
0.74019
0.68969
0.66966
0.72767
0.65436
0.54513
0.70818
0.77321
0.84882
0.97081
1.00252
1.02789
0.98418
0.89946
0.81120
0.77735
0.81689
0.79828
0.75212
0.69416
0.65747
0.68603
0.74378
0.77005
0.78081
0.76280
0.68387
0.69546
0.78598
0.64822
0.64607
0.74373
0.71694
0.68256
0.70148
0.72063
0.66499
0.70204
0.68262
0.66337
0.66892
0.79549
0.81300
0.71005
0.65360
0.68055
0.71390
0.60343
0.64130
0.68379
0.66797
0.75158
0.70768
0.73422
0.74167
0.71783
0.75831
0.70296
0.67116
0.67187
0.71083
0.67750
0.68076
0.74314
0.67873
0.66058
0.71288
0.76469
0.62579
0.65135
0.70506
0.67667
0.78717
0.87328
0.83611
0.80145
0.76844
0.71655
0.67456
0.67974
0.67106
0.69421
0.64656
0.63011
0.71211
0.74969
0.72441
0.75572
0.74567
0.62396
0.61237
0.67293
0.67308
0.72020
0.69752
0.70093
0.66735
0.71128
0.72588
0.77794
0.68361
0.66832
0.72965
0.71241
0.66425
0.74958
0.71571
0.59562
0.77998
0.86992
0.70156
0.76963
0.79348
0.69071
0.68625
0.70587
0.63886
0.62996
0.73380
0.81118
0.78174
0.82599
0.82540
0.69862
0.69470
0.66240
0.63936
0.69396
0.67844
0.71301
0.76577
0.77538
0.76314
0.81697
0.80419
0.75022
0.73866
0.74454
0.73521
0.70027
0.67609
0.64912
0.70385
0.67181
0.67148
0.69473
0.59986
0.65370
0.70955
