0.00000
0.16376
0.23950
0.28942
0.31767
0.34293
0.36954
0.38809
0.41238
0.42384
0.44079
0.45133
0.45548
0.46167
0.47061
0.48245
0.48910
0.49588
0.49792
0.50289
0.50823
0.51369
0.51655
0.51701
0.52307
0.52529
0.52526
0.52365
0.52067
0.50810
0.50536
0.50281
0.50335
0.50939
0.52091
0.52605
0.53385
0.54376
0.54697
0.55455
0.55771
0.56379
0.57161
0.57678
0.58784
0.60246
0.61150
0.61998
0.62882
0.63744
0.63738
0.63349
0.62944
0.62719
0.62555
0.61619
0.60902
0.60445
0.60291
0.60121
0.59618
0.58848
0.58445
0.57295
0.56655
0.56753
0.57410
0.58587
0.59438
0.59612
0.59196
0.59011
0.59197
0.59014
0.58033
0.57124
0.57473
0.57756
0.57970
0.58700
0.58361
0.58126
0.58055
0.58400
0.58763
0.58901
0.58749
0.58480
0.57857
0.57042
0.56259
0.55853
0.54560
0.53462
0.52822
0.51700
0.51709
0.51385
0.51211
0.51395
0.51519
0.52742
0.54101
0.55486
0.56671
0.57469
0.57730
0.58361
0.58953
0.58896
0.59350
0.60151
0.61417
0.62263
0.62593
0.62425
0.61779
0.62079
0.62894
0.63721
0.64532
0.65164
0.65009
0.65332
0.65814
0.66276
0.66875
0.66889
0.66536
0.66800
0.67050
0.66920
0.65979
0.65240
0.65635
0.65524
0.65803
0.65168
0.64913
0.64883
0.64748
0.64276
0.63494
0.64025
0.64211
0.63035
0.62535
0.62038
0.61028
0.61025
0.61206
0.62208
0.62960
0.62902
0.62294
0.62688
0.62158
0.62132
0.61847
0.60971
0.59409
0.59235
0.59154
0.59147
0.58725
0.58666
0.59596
0.60063
0.60348
0.61942
0.62751
0.62426
0.61823
0.61468
0.61594
0.61422
0.61550
0.62169
0.63881
0.65318
0.66282
0.67419
0.67546
0.67240
0.67124
0.66649
0.66445
0.66116
0.65386
0.65472
0.64993
0.64652
0.63737
0.62854
0.63438
0.63771
0.64091
0.64551
0.65039
0.65695
0.65856
0.65978
0.65681
0.66618
0.67919
0.69357
0.70321
0.70912
0.70928
0.70901
0.70056
0.69893
0.69977
0.69561
0.69383
0.69285
0.68734
0.68493
0.67790
0.67287
0.66722
0.66947
0.67551
0.68020
0.68626
0.69703
0.70058
0.70111
0.69986
0.69689
0.69228
0.68723
0.68011
0.67580
0.67930
0.68573
0.69571
0.70135
0.70896
0.71457
0.71481
0.72163
0.73400
0.74541
0.74884
0.74608
0.75108
0.76203
0.78128
0.79594
