0.00000
0.37258
0.21722
0.42143
0.52459
0.44569
0.20459
0.39232
0.47524
0.65426
0.42276
0.33076
0.54450
0.54788
0.32620
0.42552
0.32607
0.35880
0.18379
0.27767
0.35895
0.44917
0.23577
0.36645
0.41513
0.55990
0.86201
1.59577
1.82805
1.92432
2.01096
1.93538
1.87852
1.96658
1.94559
1.87763
1.90930
2.01630
1.94825
1.95838
2.00989
1.89818
1.81582
1.79680
1.87521
1.83811
1.80695
1.83907
1.88353
1.92915
1.91261
1.96917
1.91116
1.83392
1.92695
1.77419
1.85227
1.77705
1.82777
1.83887
1.78609
1.84745
1.82398
1.96497
1.82378
1.80707
1.97008
1.97209
1.85510
1.69401
1.82724
1.91193
1.89331
1.84510
1.82463
1.90351
1.70295
1.82422
1.81061
1.74192
1.77588
1.85197
1.75637
1.91399
1.72060
1.89880
1.87994
1.83644
1.88044
1.73736
1.90514
1.90068
1.87313
1.89834
1.77124
1.81317
1.86842
1.89646
1.86739
1.99732
0.87569
0.88434
0.86144
0.98313
0.93096
0.84601
1.00069
0.98693
1.07348
1.16026
1.16228
0.90007
0.93566
0.96896
0.82158
0.89153
0.93496
0.96518
0.93661
0.91193
1.05095
0.82567
0.88975
0.92451
0.88738
0.74736
0.71764
0.68361
0.74717
0.74567
0.67620
0.64445
0.66725
0.78644
0.63599
0.64229
0.63185
0.72932
0.78638
0.67395
0.63001
0.61406
0.70449
0.71072
0.70800
0.72410
0.68984
0.71159
0.59971
0.72074
0.84497
0.64426
0.68784
0.64130
0.59406
0.63364
0.67306
0.72788
0.91692
0.83409
0.74533
0.60765
0.79860
0.64732
0.80290
0.69128
0.70378
0.75406
0.71709
0.60886
0.65324
0.70029
0.71112
0.79937
0.68066
0.68851
0.63300
2.00700
2.10036
2.05647
2.10122
1.93220
1.90276
1.88653
2.08416
2.02988
2.03300
2.00402
2.03685
2.08016
2.00716
2.02856
1.92585
2.00406
2.09897
2.00716
2.13721
2.05623
2.01236
2.11169
2.12241
2.14703
1.98593
2.02962
2.00946
1.77878
2.06035
1.95570
2.06789
2.02570
2.04580
1.97370
2.04848
2.16505
2.04523
1.99537
1.87916
1.97800
1.97188
1.96765
1.94337
2.01806
1.93711
1.89353
1.82122
1.99099
1.98794
2.04392
1.87212
1.88143
2.00046
1.93082
1.95497
1.93314
1.99802
2.14092
1.90993
1.83879
1.90099
1.90192
1.93001
1.84600
1.95284
1.90626
1.90214
1.86064
1.93984
1.97922
1.88688
1.92480
1.91303
1.96988
2.10017
2.10822
2.10317
2.10165
2.15893
2.11917
2.12047
2.09912
2.15649
2.10504
2.12315
2.08043
2.14218
2.12188
2.13235
2.07303
2.08181
2.09793
2.08096
2.08641
2.10811
2.11478
2.11093
2.11265
2.08757
2.10522
2.14209
1.87864
1.89582
1.91019
1.93370
1.98191
2.08345
2.08726
2.12340
2.03042
2.03053
2.02232
2.02418
2.03976
1.95278
2.05385
1.96980
2.04576
2.18322
2.10528
1.96031
1.90812
1.94273
1.96415
1.89422
1.97486
2.00339
1.94825
1.98078
1.92661
1.91332
1.96188
1.90093
1.96297
1.95722
1.90832
1.92971
1.95236
1.98743
2.03121
1.99064
1.97394
1.95350
1.91067
1.93675
1.89711
1.92472
1.99628
1.98965
1.92128
1.96323
2.00139
1.94730
1.93279
1.94029
1.90411
1.94951
1.89560
1.99317
2.02980
1.93770
2.01755
1.95520
1.94581
1.95989
1.96125
1.96663
1.96683
1.87006
1.91661
1.91223
1.96541
1.94047
1.95244
2.00483
2.01173
1.97885
1.99605
2.02437
2.18317
1.95537
2.13274
1.96741
1.96685
2.06122
1.96280
1.93477
2.01990
1.98619
1.94764
2.01372
2.07065
2.13943
2.02862
2.02638
2.05546
1.93570
1.94717
1.89201
1.96258
1.93254
1.88213
1.91441
1.91794
1.96791
1.94910
1.94634
1.96000
1.96208
1.93434
1.91766
2.02501
2.00045
2.05099
2.02817
2.05531
2.07576
2.02517
2.06445
2.04832
2.02106
1.99181
2.01645
2.00975
2.07897
2.01413
2.08640
2.09858
2.07954
2.04833
2.03334
1.97050
2.02696
2.02139
2.01885
1.98559
2.08661
1.97593
2.16667
1.90574
2.16374
1.93377
1.93011
2.13734
2.07820
2.13320
2.08465
2.12052
2.12283
2.09466
2.08650
2.11660
2.10365
2.10800
2.13239
2.11976
2.12134
2.11606
2.08559
2.11172
2.12231
2.15539
2.12662
2.15373
2.13797
2.10597
2.11941
2.13767
2.12935
2.21913
2.21928
2.17312
2.20274
2.22309
2.20320
2.18457
2.19008
2.19277
2.19621
2.13084
2.18153
2.09844
2.15806
2.16566
2.09884
2.13672
2.05585
2.11395
2.03606
2.14222
2.16197
2.15547
2.13782
2.14164
2.09306
2.20401
2.18008
2.18267
2.24566
2.20910
2.19527
2.18352
2.16879
2.18992
2.21165
2.07380
2.16635
2.15961
2.18936
2.17278
2.16591
1.95755
2.08426
2.15302
2.20550
2.25466
2.18010
2.19213
2.22541
2.06403
2.21086
2.17272
2.11065
2.23836
2.21839
2.22252
2.15667
2.19475
2.23481
2.17177
2.17063
2.19911
2.18826
2.11003
2.15676
2.24121
2.14607
2.14958
2.14354
2.16645
2.22127
1.86944
1.95327
1.86842
1.83694
1.90416
1.95571
1.85003
1.94647
1.87743
1.78481
1.92547
1.96011
1.71000
1.84786
1.77127
1.90231
1.98728
2.03544
1.88838
1.86279
1.82464
1.89970
1.88090
1.83800
1.99724
1.77851
1.79698
1.81094
1.72282
1.95604
1.86233
1.73649
1.81691
1.79095
1.91397
2.06640
1.81983
1.93468
1.79344
1.81824
1.88716
1.86652
1.88721
1.76070
1.79624
1.89077
1.85680
1.76826
1.73184
1.98589
1.97704
1.87077
1.85493
1.80377
1.72260
1.83035
1.72753
1.91265
1.78226
1.85468
1.84044
1.93245
1.88139
1.77890
1.90688
1.88895
1.93455
1.97459
1.95605
1.81070
1.73140
1.78007
1.83105
1.85256
1.84198
1.83411
1.85090
1.85311
1.82238
1.82663
1.79859
1.84911
1.90719
1.87899
1.85191
1.84831
2.04004
1.89735
1.98628
1.90997
1.91391
1.95312
1.80813
1.89403
1.87639
1.89820
1.86261
1.87376
1.96157
1.82678
1.96033
1.83747
1.80799
1.86199
1.73751
1.88591
1.86965
1.91449
1.92229
1.87582
1.92458
1.87048
1.88809
1.93805
1.94745
1.94691
1.91120
1.92487
1.80865
1.87074
1.86582
1.84468
1.98813
1.91247
1.97378
1.97432
1.93529
1.88521
1.91168
1.92993
1.98124
1.98239
1.90759
1.96080
1.80152
1.88930
1.92419
1.95928
1.88619
1.88195
1.77036
1.97354
1.84426
1.94535
1.94546
1.80619
1.84084
1.92213
1.83847
1.94772
1.90166
1.83001
1.95075
1.95067
1.92318
1.81461
1.80792
1.97879
1.90509
2.01383
1.88417
2.06492
1.85264
1.88530
1.99673
1.99261
1.98480
2.01079
1.86503
1.88674
1.85977
1.93328
2.04358
1.99929
1.78814
1.95335
1.92804
2.01025
1.95645
1.98490
2.00572
1.95607
1.99254
1.93025
1.99496
1.92028
2.01274
2.08951
2.02330
1.86439
1.94473
2.00563
1.93165
1.92382
1.99317
2.04242
2.02754
1.99854
1.96475
1.96431
1.86348
2.05225
2.02310
1.90192
2.05826
2.05749
2.07159
2.03286
1.99471
2.03909
1.97858
1.96349
1.97255
2.03212
1.94791
2.03154
1.94533
1.91176
2.07681
1.67694
1.99834
2.12716
2.03504
2.07315
2.00961
2.09118
2.06323
2.01575
2.05597
2.03696
2.02672
2.03384
2.11635
2.12134
2.14766
1.97772
2.09534
2.08093
2.08409
2.08466
2.08519
2.05190
1.91548
2.00997
2.04505
2.02421
2.10985
1.96395
1.98423
2.02351
1.99618
2.09672
2.06978
2.08845
1.91904
1.83572
1.83991
2.11667
2.03515
1.82798
2.17209
2.13913
2.09067
2.03505
2.08176
1.85781
1.83005
1.95605
1.97008
2.06506
2.07003
1.86368
2.05592
0.71710
0.67936
0.79110
1.01599
1.10055
0.94733
1.04104
1.02922
1.19711
0.90652
0.97558
0.93792
0.96080
1.05804
1.19957
0.90208
0.91136
1.15278
0.96383
1.17036
0.95277
0.84310
1.15926
1.17413
1.48475
2.07045
2.06545
1.70609
1.87242
1.94561
2.03021
2.08321
2.04531
1.85337
1.89647
1.87915
1.80781
1.96494
1.75646
1.79193
1.83634
1.80538
1.81749
1.87698
1.83224
1.84787
1.91973
1.90449
1.76452
1.83580
1.93192
1.89518
1.86370
1.96866
1.90352
1.77892
1.85104
1.79692
1.85251
1.94471
1.91257
1.81769
1.92927
1.98294
1.83633
2.03806
1.89855
1.92891
1.97860
1.94207
1.89940
1.93390
1.81343
1.94981
1.89836
1.91709
1.96621
1.94055
2.04652
2.00820
1.97863
1.90361
1.98339
1.89047
1.86086
1.91631
1.92716
1.99448
1.84121
1.89317
1.96993
1.92945
1.90026
1.93663
1.93084
1.92276
1.85384
2.00770
2.06766
1.93771
2.00764
2.01626
2.06985
2.06598
2.01798
2.01975
1.97295
1.95468
2.02883
2.01978
2.02791
1.89725
1.96000
2.05153
2.10659
2.01568
1.93779
1.92901
2.00340
2.05444
1.94391
1.97212
1.97954
1.98602
2.05367
2.03583
2.03879
2.02205
2.03801
1.92752
1.94870
1.91028
1.94773
1.97022
1.98896
1.89796
1.93281
1.91697
1.90359
1.95198
1.92093
1.87319
1.98389
1.94731
1.97424
1.82698
1.78996
1.87076
1.95444
1.84555
1.90909
1.97882
1.82867
1.97320
1.85419
1.91704
1.91560
1.89734
2.01173
1.68656
1.81915
1.82544
1.85873
1.83737
1.79910
1.78324
1.78854
1.85752
1.80922
1.78503
1.84559
1.82433
1.82800
1.81500
1.83335
1.88969
1.95449
1.82227
1.76999
1.77832
1.75845
1.76029
1.80887
1.84782
1.79096
1.81814
1.78217
1.93605
1.93048
2.00320
1.89235
1.89157
1.92634
1.90329
1.91251
2.03972
1.91335
1.94369
1.98829
2.03640
2.07070
1.99238
1.92888
1.93212
1.96491
1.94137
2.00798
2.04777
