0.632632
0.486305
0.387965
0.436919
0.318506
0.317022
0.378270
0.307127
0.282935
0.271913
0.299090
0.277392
0.322322
0.331964
0.337036
0.353149
0.389358
0.381966
0.387585
0.415063
0.417150
0.413011
0.398707
0.419201
0.417549
0.354234
0.378476
0.329653
0.280096
0.280863
0.305966
0.294018
0.323747
0.341960
0.397379
0.425305
0.802512
0.845796
0.505222
0.398761
0.361839
0.325345
0.353255
0.362825
0.283101
0.286060
0.299685
0.321399
0.333625
0.468865
0.845296
0.815734
0.542341
0.518207
0.372621
0.425053
0.394503
0.573553
0.415798
0.435203
0.361279
0.323365
0.319015
0.391909
0.444567
0.488058
0.481895
0.365882
0.364544
0.337918
0.424548
0.534103
0.511260
0.481168
0.445551
0.334273
0.320008
0.291510
0.305504
0.326934
0.439447
0.480551
0.418852
0.439450
0.416497
0.464319
0.419512
0.333692
0.275228
0.301988
0.362124
0.310719
0.303386
0.319547
0.338460
0.367089
0.406535
0.615229
0.647838
0.560576
0.463371
0.399935
0.340947
0.284607
0.321557
0.350377
0.380158
0.319316
0.348194
0.299057
0.435921
0.581695
0.473476
0.552058
0.461424
0.406298
0.460439
0.373440
0.328440
0.324672
0.323993
0.256039
0.268893
0.323613
0.320641
0.316042
0.299346
0.354318
0.393245
0.404561
0.463194
0.330519
0.318517
0.405223
0.499227
0.409738
0.329747
0.289148
0.301272
0.258945
0.327988
0.397309
0.330431
0.398963
0.404184
0.436716
0.430298
0.581029
