2.179876
1.338454
0.801422
0.616544
0.483346
0.453055
0.417018
0.409038
0.427987
0.410671
0.349323
0.367884
0.399315
0.419972
0.458137
0.557328
0.689637
0.741526
0.777671
0.897813
1.255569
1.710420
0.842117
0.623856
0.542139
0.562057
0.571955
0.541129
0.408706
0.390934
0.419009
0.446930
0.506809
0.509899
0.608820
0.736419
1.125017
1.052080
0.784465
0.818379
0.581728
0.469900
0.434071
0.450112
0.386415
0.399050
0.404695
0.492254
0.993496
1.100881
1.490391
1.253483
0.940215
0.825136
0.569854
0.554840
0.484706
0.660242
0.494750
0.514603
0.505633
0.460197
0.526343
0.728071
0.932051
1.057755
0.767888
0.566075
0.486208
0.463453
0.505557
0.592689
0.546977
0.619665
0.572750
0.577160
0.546159
0.422771
0.459118
0.421578
0.439385
0.471837
0.436555
0.583752
0.697588
0.763384
0.631538
0.459430
0.380476
0.365888
0.427133
0.393730
0.402610
0.430177
0.490550
0.707510
0.966589
1.367891
1.501174
1.266359
0.815112
0.546706
0.448884
0.419577
0.397629
0.370027
0.413849
0.339599
0.400464
0.430913
0.635361
0.741016
1.070341
1.173733
0.880436
0.753545
0.689744
0.630505
0.488579
0.438242
0.443580
0.418595
0.387410
0.436343
0.466015
0.420056
0.411894
0.541611
0.576495
0.548218
0.670693
0.636045
0.751565
0.718735
0.722518
0.606552
0.530399
0.468708
0.480774
0.444834
0.637328
0.755155
0.684368
0.686834
0.794997
0.841907
1.172924
1.874631
