14642.4086
14693.5483
14704.7538
14767.3013
14618.6811
14621.1037
14688.8604
14745.1981
14684.4401
14772.6664
14836.7325
14699.2298
14767.4199
14866.3599
14771.2335
14891.4767
14816.4673
14812.6035
14797.0994
14762.8373
14778.8991
14799.7786
14943.5471
14917.1838
14826.6078
15014.4963
14896.3151
14960.8964
14874.0567
14868.3605
14829.1995
14950.2935
14872.5395
14921.8922
14983.5213
14889.6043
14792.4970
14869.2400
14893.2135
14946.8380
14921.2307
14900.5464
14980.1010
15003.9881
14979.4240
14973.0689
15083.6782
15021.8452
15031.7526
14912.2796
14953.5032
15028.1427
15038.8086
15120.9424
15059.6545
15026.3148
15058.2252
15138.7400
15077.7673
15131.5477
15087.7116
15061.6977
15117.1053
15177.3962
15240.2970
15152.5653
14981.8973
15179.1420
15120.2877
15164.3293
15113.1067
15232.0161
15302.8120
15279.6901
15087.0311
15029.4029
14947.3632
15072.2851
14990.6419
15046.1037
15084.1654
15152.9042
15147.4104
15116.3005
14978.0250
15127.7568
15286.0987
15114.0753
15113.3423
15111.0146
15071.4698
15168.3298
15167.5624
15253.6710
15216.8579
15186.9168
15164.8052
15270.2440
15118.7085
15226.5150
14986.5847
