15041.3659
15064.7591
15231.7014
15063.7472
15025.2092
15176.1561
15252.5741
15121.4094
15153.8878
15133.2573
15215.5959
15173.0678
15158.5362
15131.5372
15115.9846
15229.8894
15141.7800
15060.5757
15174.4132
15236.6647
15180.9656
15088.7353
15020.6576
15272.6700
15342.0246
15228.8788
15222.7814
15213.3181
15114.4400
15279.1811
15253.5238
15224.0336
15404.8422
15256.0489
15341.6280
15396.2991
15261.1108
15408.0919
15269.7518
15106.7857
15184.0635
15122.5393
15217.3258
15218.0219
15364.8811
15294.2925
15207.5450
15303.2379
15440.8786
15256.7048
15211.1564
15407.0333
15255.3326
15208.3003
15278.0584
15159.8539
15410.7541
15368.3312
15398.7105
15300.9447
15240.9773
15390.5804
15244.6316
15278.9036
15262.3509
15197.0310
15269.8174
15231.2782
15203.4231
15110.3706
15128.6009
15139.6471
15218.1450
15143.3573
15077.6031
15252.3705
15324.1010
15243.7151
15125.9824
15138.6927
15079.9641
14990.8515
15177.5887
15133.0305
15256.4451
15206.6135
15014.1403
15059.6877
15106.1130
15227.0474
15160.4284
15086.2110
15249.1934
15085.7893
15086.8824
15160.8920
15122.2966
15246.2235
15197.8924
15267.7209
15204.1141
