739.3066
1200.2287
1970.3917
2558.3923
3072.3880
3564.1219
4099.2684
4626.1918
5087.8066
5507.8695
5908.9491
6311.8039
6674.0638
7037.9025
7324.5394
7532.0670
7935.9361
8223.0181
8542.0282
8792.0622
9083.8228
9394.6626
9517.0714
9762.8207
9931.5800
10139.8816
10398.1726
10514.6580
10549.2124
10772.6364
11052.7594
11041.3790
11197.8353
11312.6311
11472.1663
11653.4043
11611.9013
11838.2592
11951.9884
11997.0110
12064.4320
12133.0160
12300.5880
12546.4427
12491.0041
12535.5815
12575.2692
12691.7044
12779.5448
12859.4109
12975.9371
13091.8388
13146.1267
13186.8478
13184.0591
13293.8765
13371.8112
13426.1909
13492.5545
13408.8435
13541.7085
13490.9262
13563.2543
13610.3535
13645.4767
13831.5362
13793.4413
13986.7776
13897.4996
13936.2143
13928.0557
13911.3365
13996.2144
14110.2542
13996.5369
14045.0014
14037.6416
14219.0835
14216.2673
14204.6339
14325.1491
14357.8886
14261.4409
14343.0499
14362.4652
14327.3840
14432.8812
14527.9333
14319.6827
14418.6979
14411.4107
14403.0632
14532.9468
14493.8660
14431.0822
14546.4451
14520.6342
14635.0227
14622.8315
14531.4117
14661.1031
