-75811.9534
-75789.3903
-75753.5418
-75819.8520
-75621.8729
-75610.5073
-75673.9110
-75706.6380
-75587.3447
-75704.4705
-75789.9080
-75642.2856
-75682.4976
-75728.6856
-75594.8863
-75684.9822
-75616.4924
-75598.0592
-75534.8593
-75453.8973
-75402.5528
-75373.9175
-75543.0131
-75480.9793
-75365.0147
-75567.5004
-75437.8600
-75509.1111
-75411.8927
-75336.1644
-75321.6301
-75422.2635
-75375.9589
-75416.1343
-75423.7249
-75414.1858
-75351.4480
-75399.1301
-75467.2185
-75549.9905
-75469.5157
-75367.2334
-75447.8339
-75435.1210
-75429.3278
-75450.4219
-75553.3925
-75466.0213
-75433.6569
-75324.2748
-75341.9708
-75340.8436
-75309.2860
-75387.6846
-75351.7119
-75279.5218
-75277.0300
-75365.9978
-75275.4648
-75317.4446
-75213.1126
-75256.9560
-75323.3766
-75361.9553
-75414.4244
-75317.8480
-75174.0028
-75397.1553
-75342.2845
-75434.5322
-75421.1442
-75484.5517
-75560.7982
-75476.4235
-75348.8783
-75299.6868
-75186.2080
-75311.2636
-75237.4246
-75232.2429
-75220.3579
-75315.3756
-75234.7571
-75237.3343
-75152.5102
-75256.3999
-75383.4906
-75322.4884
-75358.1847
-75356.6605
-75292.3742
-75431.2986
-75387.6597
-75499.1451
-75471.8015
-75447.1644
-75410.7696
-75529.0992
-75435.8587
-75576.5401
-75441.4017
