-75448.0957
-75413.5672
-75600.9245
-75420.4607
-75370.9903
-75507.3511
-75577.4878
-75484.3028
-75512.6161
-75487.7565
-75566.0204
-75492.5675
-75500.8802
-75441.1889
-75423.6904
-75527.0749
-75398.2626
-75323.9548
-75428.1085
-75482.7405
-75466.7670
-75451.7122
-75471.7148
-75708.2740
-75691.9359
-75611.7871
-75629.1850
-75617.5511
-75453.9940
-75642.8606
-75692.9851
-75612.8847
-75782.6487
-75567.9275
-75611.0900
-75692.8070
-75527.4373
-75709.6017
-75585.5113
-75481.3227
-75559.1056
-75475.6537
-75539.9834
-75535.6155
-75630.0544
-75508.0237
-75411.4458
-75486.5746
-75621.1398
-75452.6222
-75434.5496
-75562.4543
-75387.6060
-75362.1630
-75441.2347
-75341.2168
-75573.4700
-75550.4621
-75639.5242
-75617.4913
-75567.6897
-75724.2916
-75646.0958
-75704.8050
-75706.7340
-75687.8004
-75744.7718
-75653.7769
-75641.9775
-75587.4187
-75620.0910
-75653.9953
-75716.1224
-75641.2784
-75611.4084
-75860.0023
-75906.1727
-75837.8070
-75786.2611
-75832.1595
-75819.0472
-75734.5158
-75906.4499
-75822.2075
-75926.7346
-75930.4384
-75765.9910
-75852.8246
-75851.2879
-75971.1010
-75939.1245
-75859.7688
-75992.1064
-75836.1627
-75830.5745
-75881.0716
-75852.4054
-75958.9584
-75933.5519
-75977.9695
-75987.3037
