-104965.7831
-89880.1587
-89563.2668
-89127.4494
-88671.9546
-88244.8036
-87891.1743
-87583.2749
-87214.9240
-86854.0624
-86529.7923
-86228.2500
-85868.3702
-85598.7276
-85256.5333
-84872.3487
-84679.0007
-84405.2476
-84206.2994
-83946.8466
-83726.8624
-83564.7116
-83228.4161
-83031.7945
-82786.4913
-82558.0950
-82417.0559
-82147.9468
-81842.6143
-81718.9297
-81610.1943
-81299.1016
-81194.8189
-81031.1463
-80885.2342
-80792.6029
-80525.4362
-80518.2924
-80306.1388
-80132.3209
-79986.1238
-79831.9324
-79811.3855
-79788.9207
-79525.7426
-79342.5760
-79129.8969
-79086.2200
-78932.5486
-78856.6189
-78714.0369
-78652.6765
-78551.3065
-78471.8147
-78316.1758
-78204.5334
-78124.0300
-78049.6644
-77998.1596
-77759.9921
-77819.8291
-77602.3407
-77513.8793
-77487.8635
-77378.4942
-77508.3266
-77398.2460
-77467.3265
-77300.6943
-77214.9529
-77157.2161
-77048.7111
-77006.6688
-77078.1898
-76867.3038
-76768.4405
-76724.2982
-76777.8545
-76631.2863
-76587.5156
-76621.9904
-76552.7619
-76360.1466
-76339.4341
-76293.8578
-76239.7188
-76348.6949
-76387.1760
-76143.4095
-76206.5303
-76185.4281
-76158.9994
-76213.4065
-76157.5360
-76051.0204
-76097.7914
-75988.4068
-76051.5137
-75951.6327
-75804.0750
-75913.4941
