-104226.4765
-88679.9300
-87592.8752
-86569.0571
-85599.5666
-84680.6816
-83791.9059
-82957.0832
-82127.1174
-81346.1929
-80620.8432
-79916.4461
-79194.3064
-78560.8251
-77931.9938
-77340.2816
-76743.0646
-76182.2296
-75664.2712
-75154.7844
-74643.0396
-74170.0490
-73711.3447
-73268.9738
-72854.9113
-72418.2135
-72018.8833
-71633.2888
-71293.4020
-70946.2933
-70557.4350
-70257.7226
-69996.9836
-69718.5152
-69413.0679
-69139.1985
-68913.5349
-68680.0331
-68354.1504
-68135.3099
-67921.6918
-67698.9164
-67510.7975
-67242.4780
-67034.7385
-66806.9946
-66554.6278
-66394.5157
-66153.0038
-65997.2080
-65738.0998
-65560.8377
-65405.1798
-65284.9669
-65132.1167
-64910.6569
-64752.2188
-64623.4734
-64505.6052
-64351.1487
-64278.1206
-64111.4145
-63950.6250
-63877.5099
-63733.0175
-63676.7904
-63604.8047
-63480.5489
-63403.1947
-63278.7386
-63229.1604
-63137.3747
-63010.4544
-62967.9355
-62870.7668
-62723.4391
-62686.6565
-62558.7709
-62415.0191
-62382.8816
-62296.8414
-62194.8732
-62098.7057
-61996.3843
-61931.3926
-61912.3348
-61915.8137
-61859.2427
-61823.7269
-61787.8324
-61774.0174
-61755.9362
-61680.4597
-61663.6700
-61619.9382
-61551.3463
-61467.7726
-61416.4910
-61328.8012
-61272.6633
-61252.3909
