-61169.5448
-61095.8421
-61048.7880
-61052.5507
-61003.1918
-60989.4036
-60985.0505
-60961.4400
-60902.9045
-60931.8040
-60953.1755
-60943.0558
-60915.0778
-60862.3257
-60823.6528
-60793.5055
-60800.0252
-60785.4557
-60737.7599
-60691.0600
-60623.6537
-60574.1388
-60599.4660
-60563.7955
-60538.4069
-60553.0042
-60541.5448
-60548.2148
-60537.8359
-60467.8040
-60492.4306
-60471.9699
-60503.4194
-60494.2421
-60440.2036
-60524.5815
-60558.9511
-60529.8902
-60574.0050
-60603.1525
-60548.2850
-60466.6870
-60467.7330
-60431.1329
-60449.9039
-60477.3529
-60469.7143
-60444.1761
-60401.9043
-60411.9951
-60388.4676
-60312.7010
-60270.4774
-60266.7422
-60292.0574
-60253.2070
-60218.8048
-60227.2578
-60197.6975
-60185.8969
-60125.4010
-60195.2583
-60206.2714
-60184.5591
-60174.1274
-60165.2826
-60192.1055
-60218.0133
-60221.9967
-60270.2029
-60308.0376
-60252.5356
-60257.9862
-60196.7333
-60261.8471
-60270.2839
-60238.8448
-60238.9785
-60246.7827
-60186.1392
-60136.1925
-60162.4714
-60087.3467
-60121.0338
-60174.4852
-60128.6431
-60097.3919
-60208.4131
-60244.8424
-60245.6459
-60220.9044
-60262.9689
-60220.0973
-60245.4742
-60254.9437
-60260.2477
-60245.9644
-60258.8552
-60317.1502
-60350.0251
-60454.8171
