-60406.7298
-60348.8081
-60369.2231
-60356.7135
-60345.7810
-60331.1949
-60324.9137
-60362.8934
-60358.7283
-60354.4992
-60350.4245
-60319.4997
-60342.3440
-60309.6517
-60307.7058
-60297.1856
-60256.4826
-60263.3792
-60253.6953
-60246.0759
-60285.8015
-60362.9769
-60451.0572
-60435.6040
-60349.9113
-60382.9083
-60406.4036
-60404.2330
-60339.5540
-60363.6795
-60439.4613
-60388.8511
-60377.8065
-60311.8786
-60269.4620
-60296.5079
-60266.3265
-60301.5098
-60315.7595
-60374.5370
-60375.0421
-60353.1144
-60322.6576
-60317.5936
-60265.1732
-60213.7313
-60203.9008
-60183.3367
-60180.2612
-60195.9174
-60223.3932
-60155.4210
-60132.2734
-60153.8627
-60163.1763
-60181.3628
-60162.7159
-60182.1309
-60240.8137
-60316.5465
-60326.7124
-60333.7112
-60401.4641
-60425.9014
-60444.3831
-60490.7694
-60474.9545
-60422.4987
-60438.5544
-60477.0481
-60491.4900
-60514.3482
-60497.9773
-60497.9211
-60533.8053
-60607.6317
-60582.0717
-60594.0920
-60660.2787
-60693.4668
-60739.0831
-60743.6643
-60728.8612
-60689.1769
-60670.2895
-60723.8248
-60751.8507
-60793.1369
-60745.1749
-60744.0536
-60778.6961
-60773.5577
-60742.9130
-60750.3734
-60743.6920
-60720.1796
-60730.1088
-60712.7349
-60735.6595
-60710.2486
-60783.1895
