0.00000
0.15595
0.22672
0.29648
0.35007
0.38948
0.42583
0.45084
0.46082
0.46323
0.45726
0.45590
0.44710
0.44155
0.43570
0.42973
0.42599
0.43513
0.44655
0.45432
0.45117
0.45364
0.45446
0.45596
0.45642
0.46916
0.48223
0.48929
0.49410
0.49871
0.50269
0.50643
0.51995
0.52939
0.54386
0.55594
0.56294
0.56188
0.56513
0.56974
0.57229
0.57444
0.58421
0.58463
0.57928
0.57719
0.57926
0.57686
0.58673
0.60040
0.60828
0.61843
0.62813
0.63206
0.63301
0.62681
0.62320
0.62246
0.62500
0.62912
0.63750
0.63851
0.64223
0.65450
0.65879
0.66015
0.66249
0.66395
0.67132
0.66785
0.66373
0.66502
0.65687
0.65092
0.64756
0.64158
0.63387
0.62173
0.60856
0.60355
0.59887
0.59622
0.59678
0.59191
0.58561
0.58114
0.57638
0.57574
0.56673
0.55809
0.55755
0.55626
0.55090
0.54733
0.55221
0.55248
0.55093
0.55353
0.55557
0.55234
0.54960
0.55237
0.56503
0.56893
0.57338
0.58045
0.58044
0.58867
0.59681
0.60572
0.60969
0.60516
0.60693
0.60707
0.61159
0.61464
0.61129
0.61592
0.61101
0.60433
0.60381
0.60152
0.59870
0.59083
0.58486
0.58441
0.57903
0.57583
0.57352
0.57025
0.56572
0.56621
0.56311
0.55930
0.56595
0.57585
0.58422
0.59070
0.59973
0.59827
0.60494
0.60232
0.59660
0.58683
0.58098
0.58158
0.57986
0.58034
0.58532
0.59166
0.59740
0.60506
0.61073
0.61289
0.61911
0.62316
0.62383
0.61840
0.61334
0.60720
0.60653
0.60849
0.60911
0.60231
0.59868
0.59839
0.59427
0.58658
0.58100
0.58136
0.58419
0.58596
0.58771
0.58382
0.58368
0.58667
0.59344
0.60740
0.61701
0.61823
0.61465
0.61078
0.61164
0.60444
0.59629
0.59390
0.59498
0.60774
0.61503
0.61913
0.61892
0.61367
0.60622
0.61133
0.61577
0.61716
0.61889
0.62504
0.63053
0.62722
0.61919
0.61048
0.59969
0.60451
0.61770
0.62674
0.62320
0.62622
0.62717
0.62347
0.61269
0.59501
0.58607
0.58614
0.58392
0.57927
0.58110
0.59169
0.59759
0.58729
0.57595
0.57417
0.57319
0.56805
0.56154
0.56081
0.55464
0.55382
0.55260
0.54740
0.53770
0.53374
0.53041
0.52810
0.52382
0.52330
0.52595
0.53485
0.54682
0.55604
0.57720
0.59922
0.60808
0.62112
0.63014
0.62870
0.62910
0.63353
0.63661
0.64055
