0.662885
0.481132
0.459226
0.558506
0.370916
0.346198
0.324687
0.276270
0.315283
0.284054
0.315764
0.324677
0.313057
0.308761
0.328339
0.359380
0.398392
0.385821
0.352660
0.391855
0.432281
0.420637
0.472411
0.467779
0.559952
0.419699
0.410686
0.383965
0.300268
0.273394
0.276431
0.295981
0.334564
0.342161
0.392853
0.413468
0.575365
0.557836
0.458907
0.383174
0.364128
0.334300
0.357827
0.372275
0.316657
0.308205
0.315924
0.398317
0.430396
0.462888
0.623318
0.629521
0.477198
0.416410
0.309351
0.295422
0.364666
0.476676
0.379229
0.403452
0.322227
0.295321
0.315856
0.463735
0.462475
0.516215
0.465823
0.342365
0.349439
0.327958
0.321438
0.368346
0.351210
0.355659
0.415501
0.386507
0.356644
0.314241
0.377004
0.391150
0.412818
0.397558
0.368587
0.391695
0.389657
0.378556
0.375303
0.314352
0.298459
0.286964
0.328139
0.288100
0.298729
0.331135
0.339073
0.376524
0.336198
0.324586
0.410634
0.422684
0.403840
0.412006
0.396166
0.276155
0.332799
0.315849
0.332599
0.299237
0.320479
0.305286
0.429138
0.564048
0.632983
0.648662
0.424580
0.386635
0.397615
0.376020
0.334025
0.415069
0.377250
0.312635
0.323496
0.385304
0.369406
0.340776
0.312702
0.318978
0.378661
0.348010
0.383163
0.338579
0.381900
0.452148
0.518033
0.407626
0.387855
0.360146
0.390194
0.325807
0.374827
0.395589
0.410560
0.526757
0.454194
0.385805
0.397990
0.495630
